		Original Satellite	
        Rev 1 1 1 0 0 0 0 0 0 0 1
         0.000000000000000e+000  5.669061404427665e+003  1.417265347492101e+003  4.251796042177680e+003
        Rev 2 1 1 0 0 0 0 0 0 0 1
         5.669061404427665e+003  1.133812280885534e+004  7.086326736954505e+003  9.920857431492595e+003
        Rev 3 1 1 0 0 0 0 0 0 0 1
         1.133812280885534e+004  1.700718421328302e+004  1.275538812611725e+004  1.558991882049855e+004
        Rev 4 1 1 0 0 0 0 0 0 0 1
         1.700718421328302e+004  2.267624561771070e+004  1.842444951496189e+004  2.125898020917744e+004
        Rev 5 1 1 0 0 0 0 0 0 0 1
         2.267624561771070e+004  2.834530702213838e+004  2.409351090347069e+004  2.692804159751188e+004
        Rev 6 1 1 0 0 0 0 0 0 0 1
         2.834530702213838e+004  3.401436842656606e+004  2.976257229162660e+004  3.259710298548517e+004
        Rev 7 1 1 0 0 0 0 0 0 0 1
         3.401436842656606e+004  3.968342983099374e+004  3.543163367941328e+004  3.826616437308136e+004
        Rev 8 1 1 0 0 0 0 0 0 0 1
         3.968342983099374e+004  4.535249123542142e+004  4.110069506681519e+004  4.393522576028528e+004
        Rev 9 1 1 0 0 0 0 0 0 0 1
         4.535249123542142e+004  5.102155263984910e+004  4.676975645381754e+004  4.960428714708254e+004
        Rev 10 1 1 0 0 0 0 0 0 0 1
         5.102155263984910e+004  5.669061404427677e+004  5.243881784040632e+004  5.527334853345954e+004
        Rev 11 1 1 0 0 0 0 0 0 0 1
         5.669061404427677e+004  6.235967544870445e+004  5.810787922656834e+004  6.094240991940351e+004
        Rev 12 1 1 0 0 0 0 0 0 0 1
         6.235967544870445e+004  6.802873685313214e+004  6.377694061229128e+004  6.661147130490252e+004
        Rev 13 1 1 0 0 0 0 0 0 0 1
         6.802873685313214e+004  7.369779825755980e+004  6.944600199756360e+004  7.228053268994550e+004
        Rev 14 1 1 0 0 0 0 0 0 0 1
         7.369779825755980e+004  7.936685966198749e+004  7.511506338237466e+004  7.794959407452220e+004
        Rev 15 1 1 0 0 0 0 0 0 0 1
         7.936685966198749e+004  8.503592106641516e+004  8.078412476671471e+004  8.361865545862335e+004
        Rev 16 1 0 0 0 1 0 1 0 1 0
         8.503592106641516e+004  8.640000000000000e+004  0.000000000000000e+000  0.000000000000000e+000
		
		
		
		Changed Satellite		
		Rev 1 1 1 0 0 0 0 0 0 0 1
         0.000000000000000e+000  5.669693268098306e+003  1.362896578599573e+003  4.305663214285975e+003
        Rev 2 1 1 0 0 0 0 0 0 0 1
         5.669693268098306e+003  1.133938650178033e+004  7.031896089255281e+003  9.974656478279294e+003
        Rev 3 1 1 0 0 0 0 0 0 0 1
         1.133938650178033e+004  1.700907967483983e+004  1.270089798121225e+004  1.564364736733404e+004
        Rev 4 1 1 0 0 0 0 0 0 0 1
         1.700907967483983e+004  2.267877276107193e+004  1.836990225612600e+004  2.131263588360239e+004
        Rev 5 1 1 0 0 0 0 0 0 0 1
         2.267877276107193e+004  2.834846573427360e+004  2.403890891554446e+004  2.698162202934367e+004
        Rev 6 1 1 0 0 0 0 0 0 0 1
         2.834846573427360e+004  3.401815856824424e+004  2.970791796090756e+004  3.265060580692403e+004
        Rev 7 1 1 0 0 0 0 0 0 0 1
         3.401815856824424e+004  3.968785123678629e+004  3.537692939354700e+004  3.831958721881606e+004
        Rev 8 1 1 0 0 0 0 0 0 0 1
         3.968785123678629e+004  4.535754371370570e+004  4.104594321468599e+004  4.398856626759849e+004
        Rev 9 1 1 0 0 0 0 0 0 0 1
         4.535754371370570e+004  5.102723597281260e+004  4.671495942543891e+004  4.965754295595586e+004
        Rev 10 1 1 0 0 0 0 0 0 0 1
         5.102723597281260e+004  5.669692798792177e+004  5.238397802681113e+004  5.532651728667809e+004
        Rev 11 1 1 0 0 0 0 0 0 0 1
         5.669692798792177e+004  6.236661973285329e+004  5.805299901969860e+004  6.099548926266019e+004
        Rev 12 1 1 0 0 0 0 0 0 0 1
         6.236661973285329e+004  6.803631118143305e+004  6.372202240488771e+004  6.666445888690180e+004
        Rev 13 1 1 0 0 0 0 0 0 0 1
         6.803631118143305e+004  7.370600230749327e+004  6.939104818305503e+004  7.233342616250695e+004
        Rev 14 1 1 0 0 0 0 0 0 0 1
         7.370600230749327e+004  7.937569308487330e+004  7.506007635476693e+004  7.800239109268348e+004
        Rev 15 1 1 0 0 0 0 0 0 0 1
         7.937569308487330e+004  8.504538348741987e+004  8.072910692047951e+004  8.367135368074283e+004
        Rev 16 1 0 0 0 1 1 0 0 1 0
         8.504538348741987e+004  8.640000000000000e+004  8.639813988023634e+004  0.000000000000000e+000